1 0 0 0 0 1 0 0 0 0 1 0.000000
1 0 0 0 0 1 0 0 0 0 1 0.800000
1 0 0 0 0 1 0 0 0 0 1 1.600000
1 0 0 0 0 1 0 0 0 0 1 2.400000
1 0 0 0 0 1 0 0 0 0 1 3.200000
1 0 0 0 0 1 0 0 0 0 1 4.000000
1 0 0 0 0 1 0 0 0 0 1 4.800000
1 0 0 0 0 1 0 0 0 0 1 5.600000
1 0 0 0 0 1 0 0 0 0 1 6.400000
1 0 0 0 0 1 0 0 0 0 1 7.200000
1 0 0 0 0 1 0 0 0 0 1 8.000000
1 0 0 0 0 1 0 0 0 0 1 8.800000
1 0 0 0 0 1 0 0 0 0 1 9.600000
1 0 0 0 0 1 0 0 0 0 1 10.400000
1 0 0 0 0 1 0 0 0 0 1 11.200000
1 0 0 0 0 1 0 0 0 0 1 12.000000
1 0 0 0 0 1 0 0 0 0 1 12.800000
1 0 0 0 0 1 0 0 0 0 1 13.600000
1 0 0 0 0 1 0 0 0 0 1 14.400000
1 0 0 0 0 1 0 0 0 0 1 15.200000
1 0 0 0 0 1 0 0 0 0 1 16.000000
1 0 0 0 0 1 0 0 0 0 1 16.800000
1 0 0 0 0 1 0 0 0 0 1 17.600000
1 0 0 0 0 1 0 0 0 0 1 18.400000
1 0 0 0 0 1 0 0 0 0 1 19.200000
1 0 0 0 0 1 0 0 0 0 1 20.000000
1 0 0 0 0 1 0 0 0 0 1 20.800000
1 0 0 0 0 1 0 0 0 0 1 21.600000
1 0 0 0 0 1 0 0 0 0 1 22.400000
1 0 0 0 0 1 0 0 0 0 1 23.200000
